180	180
180	180
180	180
180	180
180	180
360	180
360	180
360	180
360	180
360	180
360	180
360	180
360	180
360	180
360	180
360	180
360	180
360	180
360	180
360	180
540	360
540	180
540	180
900	720
900	720
900	720
900	720
900	540
900	540
900	540
900	360
900	180
900	180
900	180
900	180
900	180
900	180
900	180
900	180
900	180
900	180
1080	900
1080	720
1080	720
1080	720
1080	900
1080	720
1080	720
1080	720
1080	720
1080	540
1080	540
1080	540
1080	540
1080	540
1080	540
1080	540
1080	540
1080	540
1080	540
1080	540
1080	180
1080	180
1080	180
1080	180
1080	180
1080	180
1080	180
1080	180
1080	180
1080	180
1080	180
1080	180
1080	180
1080	180
1080	180
1260	1080
1260	720
1260	720
1260	720
1260	720
1260	360
1260	360
1260	360
1260	360
1260	360
1260	360
1260	180
1260	360
1260	360
1260	360
1260	180
1260	180
1260	180
1260	180
1260	180
1260	180
1260	180
1260	180
1260	180
1260	180
1260	180
1260	180
1260	180
1260	180
1260	180
1260	180
1260	180
1260	180
1260	180
1260	180
1260	180
1260	180
1260	180
1260	180
1260	180
1440	1260
1440	1080
1440	1080
1440	1080
1440	1080
1440	900
1440	540
1440	540
1440	540
1440	540
1440	540
1440	540
1440	360
1440	360
1440	360
1440	360
1440	360
1440	360
1440	360
1440	360
1440	360
1440	360
1440	360
1440	360
1440	360
1440	360
1440	180
1440	180
1440	180
1440	180
1440	180
1440	180
1440	180
1440	180
1440	180
1440	180
1440	180
1440	180
1440	180
1440	180
1440	180
1440	180
1440	180
1440	180
1440	180
1440	180
1620	1440
1620	1440
1620	1440
1620	1440
1620	1440
1620	1260
1620	1260
1620	1260
1620	1080
1620	1080
1620	720
1620	540
1620	540
1620	540
1620	540
1620	360
1620	180
1620	180
1620	180
1620	180
1620	180
1620	180
1620	180
1620	180
1620	180
1620	180
1620	180
1800	1620
1800	1620
1800	1620
1800	1620
1800	360
1800	180
2160	1980
2160	1980
2160	1800
2160	1080
2160	1080
2160	1080
2160	1080
2160	900
2160	900
2160	900
2160	900
2160	720
2160	540
2160	540
2160	540
2160	360
2160	180
2160	360
2160	180
2160	180
2160	180
2340	2160
2340	2160
2340	2160
2340	1980
2340	1980
2340	1980
2340	1080
2340	1080
2340	900
2340	900
2340	900
2340	900
2340	720
2340	720
2340	720
2340	720
2340	720
2340	540
2340	540
2340	180
2340	180
2340	180
2340	180
2340	180
2340	180
2340	180
2340	180
2340	180
2340	180
2340	180
2340	180
2340	180
2340	180
2340	180
2340	180
2340	180
2340	180
2340	180
2340	180
2340	180
2340	180
2340	180
2340	180
2340	180
2340	180
2340	180
2340	180
2340	180
2340	180
2340	180
2520	2340
2520	2340
2520	1980
2520	1620
2520	1620
2520	1440
2520	1260
2520	1260
2520	1260
2520	1260
2520	1260
2520	1080
2520	900
2520	900
2520	900
2520	900
2520	900
2520	180
2520	180
2520	180
2520	180
2520	180
2520	180
2520	180
2520	180
2520	180
2520	180
2520	180
2520	180
2520	180
2520	180
2700	2520
2700	2160
2700	1800
2700	1620
2700	1620
2700	1620
2700	1620
2700	1620
2700	1620
2700	1440
2700	1440
2700	1440
2700	1440
2700	1440
2700	1260
2700	1260
2700	1260
2700	1260
2700	1260
2700	1260
2700	1260
2700	1260
2700	1080
2700	1080
2700	180
2700	540
2700	540
2700	360
2700	360
2700	360
2700	360
2700	180
2700	180
2700	180
2700	180
2700	180
2700	180
2700	180
2700	180
2700	180
2700	180
2700	180
2700	180
2700	180
2700	180
2700	180
2700	180
2700	180
2700	180
2700	180
2700	180
2700	180
2700	180
2700	180
2700	180
2700	180
2700	180
2700	180
2880	2700
2880	2520
2880	2520
2880	1800
2880	1800
2880	1620
2880	1440
2880	1440
2880	1440
2880	1260
2880	1260
2880	720
2880	540
2880	540
2880	540
2880	540
2880	540
2880	540
2880	360
2880	360
2880	360
2880	360
2880	360
2880	360
2880	360
2880	360
2880	360
2880	360
2880	360
2880	360
2880	180
2880	180
2880	180
2880	180
2880	180
2880	180
2880	180
2880	180
2880	180
2880	180
2880	180
2880	180
2880	180
2880	180
2880	180
2880	180
2880	180
3060	2160
3060	2160
3060	1440
3060	1440
3060	900
3060	900
3060	720
3060	720
3060	720
3060	720
3060	720
3060	720
3060	720
3060	720
3060	720
3060	360
3060	360
3060	360
3060	180
3060	180
3420	3240
3420	3240
3420	2340
3420	2340
3420	2340
3420	2340
3420	2160
3420	2160
3420	1980
3420	1980
3420	1980
3420	1980
3420	1980
3420	1980
3420	1980
3420	1980
3420	1980
3420	1980
3420	1800
3420	1800
3420	1260
3420	1080
3420	1080
3420	900
3420	900
3420	900
3420	720
3420	540
3420	720
3420	540
3420	540
3420	540
3420	360
3420	360
3420	180
3600	3420
3600	2520
3600	2520
3600	2160
3600	2160
3600	2160
3600	2160
3600	1440
3600	1440
3600	1260
3600	1260
3600	1080
3600	900
3600	900
3600	900
3600	900
3600	900
3600	900
3600	900
3600	900
3600	900
3600	720
3600	540
3600	540
3600	180
3600	180
3600	180
3600	180
3600	180
3600	180
3600	180
3600	180
3600	180
3600	180
3600	180
3600	180
3600	180
3600	180
3600	180
3600	180
3600	180
3600	180
3600	180
3600	180
3600	180
3600	180
3600	180
3600	180
3600	180
3780	2700
3780	2700
3780	2700
3780	2520
3780	2520
3780	2340
3780	2340
3780	2340
3780	1440
3780	1440
3780	1440
3780	1080
3780	720
3780	720
3780	360
3780	360
3780	360
3780	360
3780	360
3780	180
3780	180
3780	180
3780	180
3780	180
3780	180
3780	180
3780	180
3780	180
3780	180
3780	180
3780	180
3780	180
3780	180
3780	180
3780	180
3780	180
3780	180
3780	180
3780	180
3780	180
3780	180
3780	180
3780	180
3780	180
3780	180
3780	180
3780	180
3780	180
3780	180
3780	180
3780	180
3780	180
3780	180
3780	180
3960	2700
3960	3600
3960	2880
3960	2520
3960	2520
3960	2520
3960	2520
3960	2520
3960	2340
3960	1800
3960	1800
3960	1620
3960	1620
3960	1620
3960	1620
3960	1620
3960	1620
3960	1620
3960	1620
3960	1260
3960	1080
3960	1080
3960	540
3960	360
3960	360
3960	360
3960	360
3960	180
3960	360
3960	360
3960	180
3960	180
3960	180
3960	180
3960	180
3960	180
3960	180
3960	180
3960	180
3960	180
3960	180
3960	180
3960	180
3960	180
3960	180
3960	180
3960	180
3960	180
3960	180
3960	180
3960	180
3960	180
3960	180
3960	180
3960	180
3960	180
3960	180
3960	180
4140	3240
4140	3060
4140	2880
4140	2700
4140	2700
4140	2700
4140	2520
4140	2520
4140	2520
4140	2520
4140	1980
4140	1800
4140	1800
4140	1620
4140	1620
4140	1260
4140	720
4140	720
4140	720
4140	720
4140	540
4140	540
4140	540
4140	540
4140	540
4140	540
4140	540
4140	540
4140	540
4140	540
4140	360
4140	360
4140	360
4140	360
4140	360
4140	360
4140	360
4140	180
4140	180
4140	180
4140	180
4140	180
4140	180
4140	180
4140	180
4140	180
4140	180
4140	180
4140	180
4320	3960
4320	3060
4320	2160
4320	1980
4320	1800
4320	1620
4320	1440
4320	1440
4320	1440
4320	1260
4320	1260
4320	900
4320	540
4320	540
4320	540
4320	540
4320	180
4320	360
4320	360
4320	360
4320	180
4320	180
4320	180
4320	180
4320	180
4320	180
4860	4680
4860	4680
4860	4680
4860	4500
4860	2340
4860	2340
4860	2160
4860	2160
4860	1980
4860	1440
4860	1440
4860	1260
4860	1260
4860	1260
4860	1260
4860	1260
4860	1260
4860	1260
4860	1080
4860	1080
4860	1080
4860	1080
4860	1080
4860	900
4860	720
4860	720
4860	720
4860	180
4860	180
4860	540
4860	180
4860	540
4860	180
4860	180
4860	180
4860	180
4860	180
4860	180
5040	3240
5040	2880
5040	2880
5040	2880
5040	2880
5040	2880
5040	2700
5040	2700
5040	2700
5040	2700
5040	2520
5040	2520
5040	2520
5040	2520
5040	2520
5040	2520
5040	2340
5040	2340
5040	2160
5040	2160
5040	2160
5040	1620
5040	1440
5040	1440
5040	1260
5040	1260
5040	1080
5040	1080
5040	1080
5040	1080
5040	900
5040	720
5040	180
5040	180
5040	180
5040	180
5220	5040
5220	5040
5220	4860
5220	4320
5220	4320
5220	4320
5220	4320
5220	3600
5220	3600
5220	3600
5220	3600
5220	3600
5220	3600
5220	3060
5220	3060
5220	3060
5220	3060
5220	3060
5220	3060
5220	3060
5220	3060
5220	2880
5220	2880
5220	2880
5220	2880
5220	2880
5220	2700
5220	2700
5220	2700
5220	2700
5220	2700
5220	2520
5220	2520
5220	2520
5220	2520
5220	2520
5220	2340
5220	2340
5220	2340
5220	2340
5220	2340
5220	2340
5220	2160
5220	1800
5220	1440
5220	1260
5220	1080
5220	900
5220	360
5220	360
5220	360
5220	180
5220	180
5220	180
5220	180
5220	180
5220	180
5220	180
5220	180
5220	180
5220	180
5220	180
5220	180
5220	180
5220	180
5220	180
5220	180
5220	180
5220	180
5220	180
5220	180
5220	180
5220	180
5220	180
5400	3780
5400	3780
5400	3780
5400	3780
5400	3780
5400	3780
5400	3780
5400	3240
5400	3240
5400	3240
5400	3060
5400	2880
5400	2880
5400	2880
5400	2880
5400	2880
5400	2520
5400	2520
5400	2520
5400	2520
5400	2340
5400	2340
5400	2340
5400	2340
5400	2340
5400	1800
5400	1800
5400	1800
5400	1800
5400	1800
5400	1800
5400	1800
5400	1800
5400	1800
5400	1800
5400	1620
5400	1620
5400	1620
5400	1440
5400	1440
5400	1260
5400	1080
5400	540
5400	360
5400	360
5400	360
5400	360
5400	360
5400	360
5400	360
5400	360
5400	360
5400	180
5400	180
5400	180
5400	180
5400	180
5400	180
5400	180
5400	180
5400	180
5400	180
5400	180
5400	180
5400	180
5580	3960
5580	3420
5580	3240
5580	3240
5580	3060
5580	2880
5580	2880
5580	2700
5580	1980
5580	1980
5580	1800
5580	1800
5580	1800
5580	1620
5580	1620
5580	1620
5580	1260
5580	720
5580	540
5580	360
5580	360
5580	360
5580	360
5580	360
5580	360
5580	180
5580	180
5940	5400
5940	4500
5940	4320
5940	4320
5940	4320
5940	4320
5940	4320
5940	4320
5940	4320
5940	3780
5940	3780
5940	3780
5940	3600
5940	3420
5940	3240
5940	3240
5940	2880
5940	2340
5940	2340
5940	2340
5940	2340
5940	2340
5940	2340
5940	2340
5940	2340
5940	2340
5940	2340
5940	2340
5940	2340
5940	2160
5940	2160
5940	2160
5940	1980
5940	1980
5940	1980
5940	1980
5940	1620
5940	1620
5940	1080
5940	1080
5940	900
5940	540
5940	720
5940	720
5940	720
5940	720
5940	720
5940	720
5940	720
5940	540
5940	540
5940	540
5940	540
5940	540
5940	360
5940	180
5940	360
5940	180
5940	360
5940	180
6120	4680
6120	3960
6120	3960
6120	3780
6120	3780
6120	3780
6120	3780
6120	3780
6120	3780
6120	3600
6120	3420
6120	2340
6120	2160
6120	2160
6120	2160
6120	1800
6120	1800
6120	1800
6120	1260
6120	1260
6120	1080
6120	1080
6120	1080
6120	900
6120	900
6120	900
6120	900
6120	900
6120	900
6120	900
6120	900
6120	900
6120	900
6120	900
6120	720
6120	720
6120	720
6120	720
6120	720
6120	720
6120	540
6120	540
6120	540
6120	180
6120	180
6120	180
6120	180
6120	180
6120	180
6120	180
6120	180
6300	4140
6300	4140
6300	4140
6300	3960
6300	3960
6300	3960
6300	3780
6300	3600
6300	3600
6300	3420
6300	3420
6300	3240
6300	2880
6300	2880
6300	2880
6300	2880
6300	2880
6300	2880
6300	2880
6300	2880
6300	2880
6300	2880
6300	2880
6300	2520
6300	2340
6300	2340
6300	2160
6300	1980
6300	1980
6300	1980
6300	1440
6300	1260
6300	1080
6300	1080
6300	1080
6300	900
6300	900
6300	720
6300	720
6300	360
6300	180
6300	180
6300	180
6300	180
6300	180
6300	180
6300	180
6300	180
6300	180
6300	180
6300	180
6300	180
6300	180
6300	180
6300	180
6480	4140
6480	4140
6480	4140
6480	4140
6480	3960
6480	3960
6480	3780
6480	3780
6480	3780
6480	3780
6480	3780
6480	3600
6480	3600
6480	3600
6480	3600
6480	3600
6480	3060
6480	3060
6480	3060
6480	3060
6480	3060
6480	3060
6480	2340
6480	1620
6480	1620
6480	1620
6480	1620
6480	1440
6480	1440
6480	1440
6480	1440
6480	1260
6480	1260
6480	1080
6480	540
6480	540
6480	360
6480	360
6480	360
6480	180
6480	180
6480	180
6480	180
6480	180
6480	180
6480	180
6480	180
6480	180
6480	180
6480	180
6480	180
6480	180
6480	180
6480	180
6480	180
6660	4140
6660	3780
6660	3600
6660	3240
6660	3240
6660	3240
6660	3240
6660	3240
6660	3240
6660	3240
6660	3060
6660	3060
6660	3060
6660	3060
6660	2880
6660	2880
6660	2340
6660	1620
6660	1620
6660	1620
6660	1620
6660	1620
6660	1440
6660	1440
6660	1440
6660	1260
6660	1080
6660	1080
6660	720
6660	720
6660	540
6660	540
6660	540
6660	540
6660	540
6660	540
6660	540
6660	360
6660	360
6660	360
6660	360
6660	180
6660	180
6840	4320
6840	4320
6840	3420
6840	3060
6840	3060
6840	1800
6840	1800
6840	1620
6840	540
6840	540
6840	180
6840	180
6840	180
7200	4500
7200	4500
7200	4500
7200	3600
7200	3420
7200	3420
7200	3420
7200	3420
7200	3240
7200	3060
7200	2880
7200	2160
7200	2160
7200	2160
7200	2160
7200	2160
7200	2160
7200	1980
7200	1980
7200	1980
7200	1800
7200	1260
7200	1260
7200	1080
7200	1080
7200	900
7200	900
7200	900
7200	900
7200	720
7200	720
7200	720
7200	720
7200	720
7200	540
7200	540
7200	540
7200	540
7200	540
7200	540
7200	540
7200	540
7200	540
7200	540
7200	540
7200	540
7200	360
7200	360
7200	360
7200	180
7380	5040
7380	5040
7380	4860
7380	4860
7380	4860
7380	4860
7380	4860
7380	4860
7380	4860
7380	4680
7380	4500
7380	4500
7380	4320
7380	3960
7380	3780
7380	3780
7380	3600
7380	2520
7380	2520
7380	2340
7380	2340
7380	2160
7380	2160
7380	1980
7380	1800
7380	1800
7380	1800
7380	1800
7380	1440
7380	1440
7380	1260
7380	1260
7380	1260
7380	1260
7380	1260
7380	1260
7380	1260
7380	1260
7380	1260
7380	1080
7380	1080
7380	1080
7380	1080
7380	1080
7380	1080
7380	1080
7380	900
7380	900
7380	900
7380	900
7380	900
7380	720
7380	720
7380	720
7380	720
7380	720
7380	540
7380	540
7380	540
7380	180
7380	180
7380	180
7380	180
7380	180
7380	180
7560	5040
7560	4500
7560	4500
7560	3420
7560	3240
7560	2520
7560	2520
7560	2340
7560	2340
7560	2340
7560	2340
7560	2340
7560	2160
7560	1980
7560	1620
7560	1620
7560	1620
7560	1620
7560	1440
7560	1440
7560	1440
7560	1440
7560	1440
7560	1440
7560	1440
7560	1440
7560	1260
7560	1260
7560	1260
7560	1260
7560	1260
7560	1260
7560	1080
7560	1080
7560	1080
7560	1080
7560	900
7560	900
7560	900
7560	900
7560	900
7560	900
7560	720
7560	720
7560	360
7560	360
7560	180
7560	180
7560	180
7560	180
7560	180
7560	180
7560	180
7560	180
7560	180
7560	180
7560	180
7560	180
7740	5040
7740	4860
7740	4860
7740	4860
7740	4860
7740	4860
7740	4860
7740	4860
7740	4320
7740	4320
7740	4320
7740	4320
7740	4320
7740	4140
7740	3960
7740	3960
7740	3960
7740	3960
7740	3960
7740	2520
7740	2340
7740	2160
7740	2160
7740	2160
7740	1800
7740	1800
7740	1800
7740	1620
7740	1620
7740	1620
7740	1620
7740	1620
7740	1620
7740	1440
7740	1440
7740	1440
7740	1440
7740	1260
7740	1260
7740	1260
7740	1260
7740	1260
7740	1260
7740	1260
7740	1260
7740	1260
7740	1260
7740	1260
7740	1260
7740	1260
7740	1260
7740	1260
7740	1260
7740	1080
7740	1080
7740	1080
7740	1080
7740	900
7740	360
7740	360
7740	360
7740	360
7740	360
7740	360
7740	360
7740	360
7740	180
7740	180
7740	180
7920	5040
7920	4320
7920	4140
7920	4140
7920	4140
7920	4140
7920	4140
7920	4140
7920	3960
7920	3060
7920	2520
7920	2340
7920	2340
7920	2340
7920	2340
7920	1980
7920	1980
7920	1980
7920	1980
7920	1980
7920	1800
7920	1800
7920	1800
7920	1620
7920	1620
7920	1620
7920	1620
7920	1440
7920	1440
7920	1440
7920	1440
7920	1440
7920	1440
7920	1440
7920	1440
7920	1440
7920	1260
7920	1260
7920	1260
7920	1260
7920	1260
7920	720
7920	540
7920	540
7920	540
7920	540
7920	360
7920	180
7920	180
7920	180
8100	5220
8100	5220
8100	4140
8100	3780
8100	3060
8100	2160
8100	2160
8100	2160
8100	1800
8100	1800
8100	1620
8100	1260
8100	180
8460	4860
8460	4860
8460	4860
8460	4860
8460	4680
8460	4500
8460	4500
8460	4500
8460	4140
8460	4140
8460	4140
8460	3600
8460	3600
8460	3420
8460	3420
8460	3420
8460	3420
8460	3420
8460	3240
8460	3060
8460	3060
8460	3060
8460	2520
8460	2340
8460	2340
8460	2340
8460	2160
8460	2160
8460	1980
8460	1980
8460	1980
8460	1980
8460	1980
8460	1980
8460	1980
8460	1980
8460	1980
8460	1980
8460	1980
8460	1800
8460	1800
8460	1800
8460	1800
8460	1800
8460	1800
8460	1260
8460	1260
8460	1260
8460	1080
8460	1080
8460	1080
8460	900
8460	900
8460	900
8460	720
8460	720
8460	720
8460	720
8460	720
8460	720
8460	540
8460	540
8460	360
8460	360
8460	180
8460	180
8460	180
8460	180
8460	180
8640	5040
8640	5040
8640	4860
8640	4500
8640	3780
8640	3780
8640	3600
8640	2700
8640	2700
8640	2700
8640	2700
8640	2700
8640	2700
8640	2520
8640	2520
8640	2520
8640	2520
8640	2520
8640	2520
8640	2520
8640	2340
8640	2340
8640	2340
8640	2340
8640	2160
8640	1980
8640	1440
8640	1260
8640	1260
8640	1260
8640	1260
8640	1080
8640	1080
8640	1080
8640	1080
8640	1080
8640	1080
8640	1080
8640	1080
8640	900
8640	900
8640	900
8640	900
8640	900
8640	720
8640	720
8640	540
8640	180
8640	720
8640	180
8820	4500
8820	4500
8820	3960
8820	3960
8820	3960
8820	3780
8820	3600
8820	3600
8820	3600
8820	3420
8820	2880
8820	2880
8820	2880
8820	2880
8820	2700
8820	2520
8820	2520
8820	2160
8820	1980
8820	1980
8820	1980
8820	1980
8820	1980
8820	1980
8820	1980
8820	1980
8820	1980
8820	1980
8820	1980
8820	1620
8820	1440
8820	1440
8820	1440
8820	1440
8820	1440
8820	1260
8820	1260
8820	1260
8820	1260
8820	1260
8820	1260
8820	1260
8820	1260
8820	1260
8820	1080
8820	900
8820	900
8820	900
8820	720
8820	720
8820	720
8820	720
8820	720
8820	720
8820	360
8820	360
8820	180
8820	180
8820	180
8820	180
8820	180
8820	180
8820	180
8820	180
8820	180
8820	180
8820	180
8820	180
8820	180
8820	180
8820	180
9000	4680
9000	4680
9000	4140
9000	3960
9000	3960
9000	3960
9000	3780
9000	3780
9000	3780
9000	3780
9000	3600
9000	3420
9000	3060
9000	2880
9000	2880
9000	2880
9000	2700
9000	2700
9000	2520
9000	2520
9000	2340
9000	2340
9000	2340
9000	2160
9000	2160
9000	2160
9000	1800
9000	1620
9000	1620
9000	1440
9000	1440
9000	1440
9000	1440
9000	900
9000	900
9000	540
9000	540
9000	540
9000	900
9000	540
9000	540
9000	360
9000	360
9000	360
9000	360
9000	360
9000	360
9000	360
9000	360
9000	180
9000	180
9000	180
9180	5400
9180	5220
9180	5040
9180	3780
9180	3600
9180	3600
9180	2700
9180	2520
9180	2340
9180	2340
9180	2340
9180	1980
9180	1980
9180	1980
9180	1980
9180	1980
9180	1800
9180	1620
9180	1620
9180	1620
9180	1440
9180	1440
9180	1440
9180	1440
9180	1080
9180	720
9180	720
9180	720
9180	540
9180	540
9180	540
9180	540
9180	540
9180	360
9180	360
9180	360
9180	360
9180	360
9180	360
9180	360
9180	360
9180	360
9180	360
9180	360
9180	360
9180	360
9180	360
9180	360
9180	360
9180	360
9180	360
9180	360
9180	180
9180	180
9180	180
9180	180
9180	180
9180	180
9180	180
9180	180
9360	4140
9360	1800
9360	1800
9360	1440
9360	1260
9360	1260
9360	900
9360	720
9360	720
9360	540
9360	540
9360	540
9360	180
9720	6120
9720	6120
9720	6120
9720	5940
9720	5940
9720	5940
9720	5940
9720	5580
9720	5580
9720	3780
9720	3780
9720	3240
9720	3240
9720	3060
9720	3060
9720	3060
9720	2880
9720	2520
9720	2160
9720	2160
9720	2160
9720	2160
9720	2160
9720	1980
9720	1620
9720	1620
9720	1620
9720	1260
9720	1260
9720	1260
9720	1260
9720	1080
9720	1260
9720	1080
9720	900
9720	900
9720	900
9720	900
9720	900
9720	900
9720	900
9720	900
9720	900
9720	900
9720	900
9720	900
9720	900
9720	900
9720	900
9720	900
9720	900
9720	720
9720	720
9720	720
9720	720
9720	720
9720	720
9720	540
9720	540
9720	540
9720	180
9720	180
9900	6120
9900	5040
9900	2520
9900	2340
9900	2340
9900	2340
9900	2340
9900	2160
9900	2160
9900	1980
9900	1440
9900	1260
9900	1260
9900	1260
9900	1260
9900	1260
9900	1260
9900	1260
9900	1260
9900	1260
9900	1260
9900	1260
9900	1260
9900	1080
9900	1080
9900	1080
9900	1080
9900	1080
9900	1080
9900	1080
9900	1080
9900	1080
9900	1080
9900	1080
9900	1080
9900	1080
9900	1080
9900	900
9900	900
9900	900
9900	900
9900	900
9900	900
9900	900
9900	900
9900	900
9900	900
9900	900
9900	900
9900	900
9900	900
9900	720
9900	720
9900	720
9900	720
9900	720
9900	720
9900	720
9900	540
9900	540
10080	6480
10080	6120
10080	6120
10080	5760
10080	5220
10080	5040
10080	4500
10080	4500
10080	4140
10080	4140
10080	3780
10080	3780
10080	2700
10080	2340
10080	2160
10080	1980
10080	1620
10080	1440
10080	1440
10080	1440
10080	1440
10080	1260
10080	1260
10080	1260
10080	1080
10080	1080
10080	1080
10080	1080
10080	1080
10080	1080
10080	1080
10080	1080
10080	1080
10080	1080
10080	1080
10080	1080
10080	1080
10080	900
10080	900
10080	900
10080	900
10080	900
10080	900
10080	720
10080	360
10080	360
10080	180
10080	180
10080	180
10080	180
10080	180
10080	180
10080	180
10080	180
10260	6300
10260	5220
10260	5220
10260	5220
10260	5220
10260	5040
10260	5040
10260	4860
10260	4680
10260	4140
10260	3960
10260	3960
10260	2880
10260	2880
10260	2700
10260	2520
10260	2520
10260	2340
10260	2340
10260	2160
10260	1800
10260	1800
10260	1620
10260	1620
10260	1620
10260	1620
10260	1620
10260	1440
10260	1440
10260	1440
10260	1440
10260	1440
10260	1440
10260	1440
10260	1440
10260	1260
10260	1260
10260	1260
10260	1080
10260	1080
10260	1080
10260	1080
10260	540
10260	540
10260	360
10260	360
10260	360
10260	360
10260	360
10260	180
10260	180
10260	180
10260	180
10260	180
10260	180
10260	180
10260	180
10260	180
10260	180
10260	180
10440	6300
10440	6300
10440	5400
10440	5040
10440	4860
10440	4140
10440	3600
10440	3060
10440	3060
10440	3060
10440	2880
10440	2880
10440	2880
10440	2880
10440	2700
10440	2340
10440	1980
10440	1980
10440	1980
10440	1980
10440	1800
10440	1800
10440	1620
10440	1620
10440	1620
10440	1620
10440	1620
10440	1620
10440	1620
10440	1440
10440	1440
10440	1440
10440	1440
10440	1440
10440	1260
10440	1260
10440	1080
10440	1080
10440	1080
10440	720
10440	540
10440	540
10440	540
10440	360
10440	360
10440	360
10440	360
10440	180
10440	180
10440	180
10440	180
10440	180
10440	180
10440	180
10440	180
10440	180
10440	180
10440	180
10440	180
10440	180
10440	180
10440	180
10440	180
10440	180
10620	6480
10620	3060
10620	1980
10620	1980
10620	1980
10620	1620
10620	1620
10620	1440
10620	900
10620	720
10620	540
10620	540
10620	540
10620	360
10620	360
10620	360
10620	360
10980	7020
10980	5760
10980	5760
10980	5760
10980	4860
10980	4860
10980	4500
10980	4500
10980	3780
10980	3780
10980	3600
10980	3780
10980	3600
10980	3780
10980	3780
10980	3600
10980	3600
10980	3420
10980	3600
10980	3420
10980	3600
10980	3600
10980	3420
10980	3600
10980	3420
10980	3420
10980	3420
10980	3420
10980	3420
10980	3600
10980	3420
10980	3420
10980	3240
10980	2520
10980	2520
10980	2700
10980	2520
10980	2700
10980	2520
10980	2340
10980	2340
10980	2520
10980	2520
10980	2160
10980	2340
10980	2160
10980	2160
10980	1980
10980	2160
10980	1980
10980	2160
10980	1980
10980	1980
10980	1800
10980	1800
10980	1980
10980	1440
10980	1440
10980	1440
10980	1260
10980	1080
10980	1260
10980	1080
10980	1080
10980	1080
10980	1080
10980	1260
10980	1260
10980	1260
10980	1260
10980	1260
10980	1260
10980	1080
10980	1080
10980	900
10980	1080
10980	900
10980	900
10980	1080
10980	900
10980	1080
10980	1080
10980	900
10980	1080
10980	1080
10980	720
10980	720
10980	900
10980	900
10980	720
10980	720
10980	900
10980	900
10980	900
10980	540
10980	540
10980	540
10980	720
10980	720
10980	540
10980	720
10980	720
10980	540
10980	540
10980	540
10980	540
10980	720
10980	540
10980	720
10980	540
10980	360
10980	180
11160	5220
11160	4680
11160	4680
11160	4680
11160	4500
11160	3960
11160	3780
11160	3780
11160	3780
11160	3780
11160	3780
11160	3780
11160	3600
11160	3240
11160	3240
11160	2880
11160	2880
11160	2700
11160	2520
11160	2340
11160	2160
11160	1620
11160	1620
11160	1440
11160	1440
11160	1440
11160	1440
11160	1440
11160	1440
11160	1440
11160	1260
11160	1260
11160	1260
11160	1260
11160	1260
11160	1260
11160	1260
11160	1260
11160	1080
11160	1080
11160	1080
11160	1080
11160	900
11160	900
11160	900
11160	900
11160	900
11160	180
11160	180
11160	180
11340	6300
11340	6120
11340	5400
11340	5400
11340	5220
11340	5220
11340	5220
11340	5220
11340	5220
11340	5220
11340	5040
11340	5040
11340	4860
11340	4860
11340	4680
11340	4680
11340	4320
11340	4140
11340	3960
11340	3960
11340	3960
11340	2880
11340	2520
11340	2520
11340	2340
11340	1800
11340	1620
11340	1620
11340	1620
11340	1620
11340	1620
11340	1620
11340	1620
11340	1620
11340	1440
11340	1440
11340	1080
11340	1080
11340	900
11340	540
11340	540
11340	540
11340	540
11340	360
11340	360
11340	180
11340	180
11340	180
11340	180
11340	180
11340	180
11340	180
11340	180
11340	180
11340	180
11340	180
11340	180
11340	180
11340	180
11340	180
11340	180
11340	180
11520	5400
11520	5040
11520	5040
11520	5040
11520	5040
11520	4320
11520	4320
11520	4320
11520	4140
11520	4140
11520	4140
11520	4140
11520	4140
11520	4140
11520	3960
11520	3960
11520	3240
11520	3240
11520	3240
11520	3240
11520	3060
11520	3060
11520	3060
11520	2880
11520	2880
11520	1800
11520	1800
11520	1620
11520	1620
11520	1620
11520	1620
11520	1620
11520	1620
11520	1620
11520	1440
11520	1440
11520	1440
11520	1440
11520	1260
11520	720
11520	540
11520	360
11520	360
11520	360
11520	360
11520	360
11520	360
11520	360
11520	180
11520	180
11520	180
11520	180
11520	180
11520	180
12060	5940
12060	5940
12060	5940
12060	5580
12060	5400
12060	5040
12060	4860
12060	4680
12060	4680
12060	4680
12060	4680
12060	4680
12060	4680
12060	4680
12060	4500
12060	4500
12060	3780
12060	3780
12060	3600
12060	3420
12060	3420
12060	3240
12060	3240
12060	3240
12060	2880
12060	2520
12060	2340
12060	2340
12060	2340
12060	2340
12060	2340
12060	2160
12060	2160
12060	2160
12060	1980
12060	1980
12060	1980
12060	1980
12060	1980
12060	1800
12060	1800
12060	1800
12060	1260
12060	1260
12060	1260
12060	900
12060	900
12060	900
12060	720
12060	720
12060	720
12060	720
12060	720
12060	720
12060	540
12060	540
12060	180
12060	180
12240	6840
12240	5760
12240	5220
12240	5220
12240	5220
12240	4860
12240	4320
12240	3780
12240	3780
12240	3600
12240	3420
12240	3420
12240	3420
12240	3420
12240	3420
12240	3060
12240	3060
12240	3060
12240	3060
12240	2700
12240	2700
12240	2700
12240	2700
12240	2700
12240	2700
12240	2700
12240	2700
12240	2520
12240	2520
12240	2520
12240	2340
12240	2340
12240	2160
12240	2160
12240	2160
12240	2160
12240	1980
12240	1980
12240	1980
12240	1800
12240	1440
12240	1260
12240	1260
12240	1080
12240	1080
12240	900
12240	900
12240	720
12240	720
12240	180
12240	180
12240	180
12240	180
12240	180
12420	7380
12420	6480
12420	6120
12420	5940
12420	5940
12420	5040
12420	5040
12420	5040
12420	5040
12420	5040
12420	4860
12420	4860
12420	4140
12420	3960
12420	3960
12420	3780
12420	3780
12420	3780
12420	3600
12420	3420
12420	3240
12420	3240
12420	3240
12420	3240
12420	2880
12420	2880
12420	2880
12420	2880
12420	2700
12420	2700
12420	2700
12420	2520
12420	2520
12420	2520
12420	2520
12420	2520
12420	2520
12420	2340
12420	2160
12420	2160
12420	2160
12420	2160
12420	1620
12420	1440
12420	1260
12420	1260
12420	1260
12420	1260
12420	1260
12420	1260
12420	1080
12420	1260
12420	1080
12420	1080
12420	900
12420	360
12420	180
12420	180
12420	180
12420	180
12420	180
12420	180
12420	180
12420	180
12600	6660
12600	6120
12600	6120
12600	5940
12600	5040
12600	4140
12600	4140
12600	4140
12600	3960
12600	3780
12600	3780
12600	3780
12600	3780
12600	3600
12600	3420
12600	3060
12600	2880
12600	2880
12600	2700
12600	2700
12600	2700
12600	2520
12600	2340
12600	2340
12600	2340
12600	2160
12600	1620
12600	1440
12600	1440
12600	1440
12600	1440
12600	1260
12600	1260
12600	540
12600	540
12600	540
12600	540
12600	540
12600	540
12600	540
12600	540
12600	360
12600	360
12600	360
12600	180
12600	180
12600	180
12600	180
12600	180
12600	180
12600	180
12600	180
12600	180
12600	180
12600	180
12600	180
12600	180
12600	180
12600	180
12600	180
12780	6840
12780	6120
12780	5760
12780	5760
12780	5580
12780	5580
12780	5400
12780	5220
12780	5220
12780	5220
12780	5040
12780	4140
12780	3960
12780	3240
12780	3060
12780	3060
12780	2700
12780	2700
12780	2700
12780	2700
12780	2520
12780	2520
12780	1980
12780	1980
12780	1620
12780	1620
12780	1620
12780	1440
12780	720
12780	720
12780	720
12780	540
12780	540
12780	540
12780	540
12780	360
12780	360
12780	360
12780	360
12780	360
12780	180
12780	180
12780	180
12780	180
12780	180
12780	180
12780	180
12960	5580
12960	5400
12960	4500
12960	4320
12960	4320
12960	4140
12960	4140
12960	3060
12960	2880
12960	2700
12960	2700
12960	2700
12960	2520
12960	1800
12960	1800
12960	1800
12960	1800
12960	1800
12960	1800
12960	900
12960	900
12960	540
12960	540
12960	360
12960	360
12960	360
12960	360
13320	6660
13320	6120
13320	6120
13320	6120
13320	6120
13320	6120
13320	5940
13320	5940
13320	5940
13320	5940
13320	5940
13320	5940
13320	5760
13320	5760
13320	5040
13320	4860
13320	4860
13320	4860
13320	4680
13320	4680
13320	4500
13320	4140
13320	3780
13320	3600
13320	3600
13320	3600
13320	3420
13320	3420
13320	3240
13320	3240
13320	3240
13320	3240
13320	3060
13320	3060
13320	3060
13320	3060
13320	2520
13320	2520
13320	2160
13320	2160
13320	2160
13320	2160
13320	2160
13320	1800
13320	1260
13320	1260
13320	1260
13320	1260
13320	1260
13320	1260
13320	1260
13320	1260
13320	1260
13320	1080
13320	1080
13320	1080
13320	1080
13320	720
13320	720
13320	720
13320	720
13320	720
13320	540
13320	540
13320	540
13320	540
13320	540
13320	540
13320	540
13320	180
13500	5040
13500	5040
13500	4860
13500	4860
13500	4860
13500	4680
13500	3780
13500	3780
13500	3600
13500	3240
13500	2700
13500	2700
13500	2520
13500	2520
13500	2520
13500	2340
13500	2340
13500	2340
13500	2340
13500	1980
13500	1980
13500	1440
13500	1440
13500	1440
13500	1440
13500	1440
13500	1440
13500	1440
13500	1440
13500	1440
13500	1440
13500	1440
13500	1440
13500	1440
13500	1440
13500	1260
13500	1260
13500	1260
13500	1260
13500	1260
13500	1260
13500	1260
13500	1080
13500	1080
13500	1080
13500	1080
13500	1080
13500	900
13500	900
13500	900
13500	900
13500	720
13500	720
13500	720
13500	720
13500	720
13500	720
13500	180
13680	6480
13680	6300
13680	6300
13680	6120
13680	5220
13680	5040
13680	4860
13680	4860
13680	4860
13680	4860
13680	4500
13680	4500
13680	4140
13680	4140
13680	3960
13680	3960
13680	3960
13680	3960
13680	3780
13680	3420
13680	3420
13680	3240
13680	2880
13680	2700
13680	2520
13680	2520
13680	2340
13680	2160
13680	1620
13680	1620
13680	1620
13680	1620
13680	1440
13680	1440
13680	1440
13680	1440
13680	1260
13680	1260
13680	1260
13680	1260
13680	1260
13680	1080
13680	1080
13680	1080
13680	900
13680	720
13680	360
13860	6660
13860	6480
13860	5940
13860	5400
13860	5400
13860	5400
13860	5220
13860	5220
13860	5220
13860	5220
13860	5040
13860	5040
13860	5040
13860	5040
13860	4860
13860	4320
13860	4140
13860	3960
13860	3960
13860	3960
13860	3780
13860	3780
13860	3780
13860	3780
13860	3600
13860	3600
13860	3600
13860	3060
13860	3060
13860	2880
13860	2880
13860	2880
13860	2700
13860	2700
13860	2700
13860	2700
13860	2700
13860	2520
13860	2520
13860	1800
13860	1800
13860	1800
13860	1800
13860	1800
13860	1800
13860	1800
13860	1800
13860	1620
13860	1620
13860	1620
13860	1440
13860	1440
13860	1440
13860	1440
13860	1080
13860	540
13860	180
14040	6660
14040	6480
14040	6300
14040	6120
14040	5400
14040	5220
14040	5220
14040	5040
14040	4500
14040	4500
14040	4500
14040	4320
14040	4320
14040	4140
14040	4140
14040	4140
14040	4140
14040	4140
14040	4140
14040	4140
14040	3960
14040	3960
14040	3960
14040	3960
14040	3780
14040	3780
14040	3780
14040	3780
14040	3780
14040	3780
14040	3600
14040	3600
14040	3240
14040	3240
14040	3060
14040	3060
14040	2880
14040	2880
14040	2880
14040	2700
14040	2700
14040	2700
14040	2700
14040	2520
14040	1980
14040	1980
14040	1980
14040	1800
14040	1800
14040	1800
14040	1620
14040	1620
14040	1620
14040	1620
14040	1620
14040	1620
14040	1440
14040	1440
14040	1080
14040	180
14040	180
14040	180
14040	180
14220	7020
14220	5040
14220	4680
14220	4500
14220	4320
14220	4320
14220	4320
14220	4140
14220	4140
14220	3240
14220	3060
14220	3060
14220	3060
14220	1800
14220	1800
14220	1620
14220	1440
14220	180
14580	7200
14580	7020
14580	6660
14580	6120
14580	6120
14580	6120
14580	6120
14580	6120
14580	5940
14580	5940
14580	5580
14580	5400
14580	5400
14580	4860
14580	4860
14580	4860
14580	4680
14580	4680
14580	4500
14580	4500
14580	4320
14580	4320
14580	4320
14580	4320
14580	3780
14580	3780
14580	3600
14580	3600
14580	3600
14580	3600
14580	3600
14580	3420
14580	3420
14580	3240
14580	3240
14580	2520
14580	2520
14580	2520
14580	2340
14580	2340
14580	2340
14580	2340
14580	2160
14580	2160
14580	2160
14580	2160
14580	1980
14760	7380
14760	6840
14760	5940
14760	5580
14760	5580
14760	5220
14760	5040
14760	5040
14760	5040
14760	4860
14760	4860
14760	4860
14760	4860
14760	4680
14760	4680
14760	4680
14760	4680
14760	4680
14760	4500
14760	4500
14760	4500
14760	4500
14760	4320
14760	4320
14760	3960
14760	3780
14760	3780
14760	3600
14760	3600
14760	3600
14760	3600
14760	3420
14760	3420
14760	3420
14760	3420
14760	2700
14760	2700
14760	2520
14760	2520
14760	2520
14760	2520
14760	2520
14760	2520
14760	2520
14760	1980
14760	1980
14760	1980
14760	1980
14760	720
14760	720
14760	180
14940	6660
14940	6660
14940	6480
14940	6480
14940	6120
14940	5940
14940	5400
14940	5400
14940	5220
14940	5220
14940	5220
14940	5220
14940	5040
14940	5040
14940	5040
14940	4680
14940	4140
14940	4140
14940	4140
14940	3960
14940	3780
14940	3780
14940	3600
14940	3600
14940	3600
14940	2700
14940	2700
14940	2700
14940	2700
14940	2520
14940	2520
14940	2520
14940	2520
14940	2340
14940	180
14940	180
14940	180
14940	180
14940	180
14940	180
14940	180
14940	180
15120	5580
15120	5400
15120	5400
15120	5400
15120	5220
15120	5220
15120	5220
15120	5220
15120	5220
15120	5040
15120	5040
15120	5040
15120	5040
15120	5040
15120	4860
15120	4860
15120	4320
15120	4320
15120	4320
15120	4320
15120	4320
15120	4140
15120	4140
15120	4140
15120	3960
15120	3960
15120	2880
15120	2880
15120	2880
15120	2880
15120	2880
15120	2880
15120	2700
15120	2520
15120	2340
15120	2340
15120	1800
15120	1800
15120	2340
15120	1440
15120	1260
15120	1260
15120	360
15120	360
15120	180
15120	180
15120	180
15120	180
15120	180
15120	180
15120	180
15120	180
15120	180
15300	6660
15300	6480
15300	5760
15300	5580
15300	5580
15300	5580
15300	5580
15300	5400
15300	5400
15300	5400
15300	5220
15300	5220
15300	5220
15300	5220
15300	5220
15300	5220
15300	5220
15300	5040
15300	5040
15300	5040
15300	5040
15300	5040
15300	5040
15300	5040
15300	5040
15300	5040
15300	4320
15300	4320
15300	4320
15300	4140
15300	4140
15300	4140
15300	4140
15300	3960
15300	3960
15300	3960
15300	3240
15300	3060
15300	2880
15300	2880
15300	2880
15300	2880
15300	2520
15300	2520
15300	2340
15300	1800
15300	540
15300	540
15300	540
15300	360
15300	360
15300	360
15300	360
15300	360
15300	360
15300	360
15300	360
15300	360
15300	360
15300	180
15300	180
15300	180
15300	180
15300	180
15480	6480
15480	5760
15480	5580
15480	5580
15480	5580
15480	5580
15480	5400
15480	5400
15480	5220
15480	5220
15480	4680
15480	4500
15480	4500
15480	4320
15480	4320
15480	4140
15480	4140
15480	3240
15480	3240
15480	2700
15480	1800
15480	540
15480	360
15480	360
15840	7200
15840	6660
15840	6660
15840	6660
15840	6300
15840	6120
15840	6120
15840	6120
15840	6120
15840	5940
15840	5940
15840	5940
15840	5940
15840	5940
15840	5940
15840	5760
15840	5760
15840	5760
15840	5760
15840	5760
15840	5760
15840	5580
15840	5580
15840	5580
15840	5580
15840	5580
15840	5580
15840	5580
15840	5580
15840	5400
15840	5040
15840	4860
15840	4860
15840	4860
15840	4860
15840	4680
15840	4680
15840	4680
15840	4680
15840	4680
15840	4680
15840	4500
15840	4500
15840	4320
15840	4320
15840	3780
15840	3780
15840	3780
15840	3600
15840	3600
15840	3600
15840	3420
15840	3240
15840	3240
15840	3060
15840	2520
15840	2160
15840	1800
15840	1080
15840	1080
15840	900
15840	900
15840	720
15840	720
15840	720
15840	720
15840	720
15840	720
15840	540
15840	540
15840	180
16020	6300
16020	6300
16020	6300
16020	6300
16020	6300
16020	6120
16020	6120
16020	6120
16020	5940
16020	5940
16020	5940
16020	5940
16020	5940
16020	5940
16020	5940
16020	5760
16020	5760
16020	5760
16020	5760
16020	5760
16020	5760
16020	5760
16020	5760
16020	5220
16020	5040
16020	5040
16020	5040
16020	4860
16020	4860
16020	4680
16020	4680
16020	4500
16020	3780
16020	3600
16020	3600
16020	3420
16020	3420
16020	3420
16020	1980
16020	1080
16020	1080
16020	1080
16020	1080
16020	1080
16020	1080
16020	1080
16020	900
16020	900
16020	900
16020	900
16020	900
16020	180
16200	7020
16200	6660
16200	6480
16200	6300
16200	6120
16200	6120
16200	6120
16200	6120
16200	6120
16200	6120
16200	6120
16200	5940
16200	5940
16200	5940
16200	5940
16200	5940
16200	5940
16200	5940
16200	5940
16200	5760
16200	5400
16200	5400
16200	5220
16200	5220
16200	5220
16200	5040
16200	5040
16200	5040
16200	5040
16200	5040
16200	5040
16200	4860
16200	4860
16200	4860
16200	4680
16200	3960
16200	3780
16200	3780
16200	3600
16200	3420
16200	3420
16200	3420
16200	3420
16200	1260
16200	1260
16200	1260
16200	1260
16200	1080
16200	1080
16200	1080
16200	1080
16200	1080
16200	1080
16200	1080
16200	1080
16200	1080
16200	720
16200	900
16200	180
16380	7020
16380	7020
16380	6840
16380	6840
16380	6840
16380	6840
16380	6840
16380	6480
16380	6480
16380	6660
16380	6480
16380	6480
16380	6300
16380	6300
16380	6480
16380	6300
16380	6300
16380	6300
16380	6300
16380	6300
16380	6300
16380	6300
16380	6300
16380	6300
16380	6300
16380	6300
16380	6120
16380	6120
16380	6120
16380	6120
16380	6120
16380	6300
16380	6120
16380	6120
16380	5940
16380	6120
16380	5760
16380	5580
16380	5760
16380	5580
16380	5760
16380	5580
16380	5400
16380	5580
16380	5400
16380	5220
16380	5400
16380	5220
16380	5400
16380	5400
16380	5220
16380	5400
16380	5220
16380	5400
16380	5040
16380	5220
16380	5220
16380	4860
16380	5040
16380	5040
16380	5040
16380	5040
16380	5040
16380	5040
16380	5040
16380	5040
16380	4320
16380	4500
16380	4320
16380	4140
16380	4320
16380	3960
16380	4140
16380	3960
16380	3960
16380	3960
16380	4140
16380	4140
16380	4140
16380	3960
16380	3960
16380	3960
16380	3960
16380	3960
16380	3600
16380	3600
16380	3780
16380	4320
16380	3240
16380	2520
16380	1620
16380	1620
16380	1440
16380	1440
16380	1620
16380	1440
16380	1620
16380	1440
16380	1620
16380	1260
16380	1440
16380	1260
16380	1260
16380	720
16380	360
16380	540
16380	360
16380	180
16380	180
16380	180
16380	360
16380	180
16380	180
16380	180
16380	360
16380	180
16380	180
16380	180
16380	180
16380	180
16380	180
16380	180
16380	180
16380	180
16560	6480
16560	5940
16560	5220
16560	4680
16560	4680
16560	4500
16560	4320
16560	4140
16560	4140
16560	4140
16560	3420
16560	3420
16560	540
16560	540
16560	540
16560	540
16560	540
16560	360
16920	7560
16920	7560
16920	7560
16920	7380
16920	7200
16920	7020
16920	7020
16920	7020
16920	6660
16920	6660
16920	5940
16920	5760
16920	5760
16920	5760
16920	5580
16920	5580
16920	5580
16920	5580
16920	5040
16920	4680
16920	4680
16920	4680
16920	4500
16920	4500
16920	4500
16920	4320
16920	4320
16920	4320
16920	4320
16920	4320
16920	4320
16920	3600
16920	2520
16920	2340
16920	2160
16920	2160
16920	1260
16920	900
16920	900
16920	720
16920	720
16920	720
16920	720
16920	720
16920	720
16920	720
17100	8460
17100	7740
17100	7560
17100	7560
17100	7560
17100	7560
17100	7380
17100	7380
17100	7200
17100	7200
17100	7200
17100	7200
17100	7200
17100	6840
17100	6840
17100	6480
17100	6840
17100	6840
17100	6300
17100	6300
17100	6120
17100	5760
17100	5760
17100	5760
17100	5760
17100	5760
17100	5760
17100	5220
17100	5220
17100	5220
17100	5220
17100	5220
17100	5220
17100	5220
17100	5220
17100	5040
17100	4860
17100	4860
17100	4860
17100	4680
17100	4680
17100	4680
17100	4680
17100	4680
17100	4500
17100	4500
17100	4500
17100	4500
17100	3600
17100	2520
17100	2520
17100	2520
17100	2340
17100	2340
17100	2340
17100	2340
17100	2160
17100	1980
17100	1440
17100	1260
17100	1260
17100	1260
17100	1260
17100	1080
17100	900
17100	900
17280	5400
17280	7020
17280	6480
17280	6300
17280	6300
17280	6300
17280	6300
17280	6300
17280	6120
17280	5940
17280	5940
17280	5940
17280	5940
17280	5940
17280	5400
17280	5400
17280	5400
17280	5400
17280	5400
17280	5400
17280	5220
17280	5220
17280	5220
17280	5220
17280	5220
17280	5220
17280	5040
17280	5040
17280	5040
17280	5040
17280	5040
17280	5040
17280	5040
17280	4860
17280	4860
17280	4860
17280	4860
17280	4860
17280	4860
17280	4680
17280	4680
17280	4500
17280	4140
17280	4140
17280	2700
17280	2520
17280	2340
17280	2340
17280	2160
17280	1620
17280	1440
17280	1440
17280	1080
17280	1080
17460	7740
17460	7740
17460	7200
17460	6840
17460	6660
17460	6660
17460	6660
17460	6660
17460	6660
17460	6660
17460	6480
17460	6480
17460	6480
17460	6480
17460	5580
17460	5580
17460	5400
17460	5400
17460	5400
17460	5220
17460	5220
17460	5220
17460	5220
17460	5040
17460	4860
17460	4860
17460	4860
17460	4680
17460	4320
17460	4320
17460	4320
17460	3960
17460	3600
17460	2880
17460	2700
17460	2700
17460	2700
17460	2700
17460	2700
17460	2700
17460	2520
17460	2520
17460	2520
17460	2340
17460	1800
17460	1800
17460	1800
17460	1800
17460	1800
17460	1800
17460	1620
17460	1440
17460	1260
17640	8280
17640	7740
17640	6840
17640	6840
17640	6660
17640	6480
17640	5760
17640	5760
17640	5760
17640	5580
17640	5580
17640	5400
17640	5400
17640	5400
17640	5040
17640	5040
17640	5040
17640	5040
17640	5040
17640	4860
17640	4860
17640	5040
17640	3060
17640	3060
17640	2880
17640	2880
17640	2700
17640	2700
17640	2700
17640	1800
17640	1620
17640	1440
17820	6480
17820	5940
17820	5760
17820	5580
17820	5400
17820	5220
17820	4680
17820	4320
17820	2520
17820	2520
17820	2160
17820	2160
17820	1980
17820	1800
17820	1620
18180	7560
18180	7560
18180	6840
18180	6840
18180	6300
18180	6300
18180	6120
18180	6120
18180	6120
18180	5940
18180	5940
18180	5940
18180	5940
18180	5940
18180	5940
18180	5760
18180	5760
18180	5760
18180	5760
18180	5580
18180	5580
18180	5580
18180	5580
18180	5580
18180	5580
18180	5580
18180	5580
18180	5580
18180	5400
18180	5400
18180	5400
18180	5400
18180	5400
18180	5400
18180	4860
18180	4860
18180	4680
18180	4320
18180	3420
18180	3240
18180	3240
18180	3240
18180	3240
18180	2340
18180	2340
18180	2160
18180	2160
18360	7560
18360	7560
18360	7200
18360	7020
18360	7020
18360	7020
18360	7020
18360	7020
18360	7020
18360	7020
18360	7020
18360	7020
18360	7020
18360	7020
18360	7020
18360	7020
18360	6480
18360	6480
18360	6300
18360	6120
18360	5940
18360	5940
18360	5940
18360	5760
18360	5760
18360	5760
18360	5220
18360	5220
18360	5040
18360	4500
18360	4500
18360	4500
18360	3600
18360	3600
18360	3600
18360	3600
18360	3420
18360	3420
18360	3420
18360	3240
18360	2700
18360	2700
18360	2520
18360	2340
18360	2340
18360	2340
18360	2340
18360	2340
18360	2340
18360	2340
18360	2160
18360	2160
18360	2160
18540	10440
18540	7380
18540	7380
18540	7380
18540	7200
18540	7200
18540	6660
18540	6660
18540	6660
18540	6660
18540	6480
18540	6300
18540	6300
18540	6300
18540	6120
18540	6120
18540	6120
18540	6120
18540	6120
18540	5940
18540	5940
18540	5940
18540	4680
18540	4680
18540	3780
18540	3780
18540	3780
18540	3780
18540	3780
18540	3780
18540	3780
18540	3600
18540	3600
18540	3600
18540	3420
18540	3420
18540	3420
18540	2880
18540	2880
18540	2880
18540	2700
18540	2520
18540	2520
18540	2520
18540	2340
18720	6660
18720	6660
18720	6660
18720	6480
18720	6480
18720	6480
18720	6300
18720	6300
18720	6120
18720	6120
18720	6120
18720	6120
18720	6120
18720	5940
18720	5580
18720	5220
18720	5220
18720	5220
18720	5220
18720	5220
18720	4860
18720	3960
18720	3960
18720	3960
18720	3960
18720	3960
18720	3960
18720	3960
18720	3960
18720	3780
18720	3780
18720	3600
18720	3420
18720	3420
18720	3060
18720	2880
18720	2880
18720	2880
18720	2880
18720	2880
18720	2880
18720	2880
18720	2700
18720	2700
18720	2700
18720	2520
18720	2520
18900	7020
18900	7020
18900	6840
18900	6660
18900	6660
18900	6660
18900	6660
18900	6660
18900	6660
18900	6660
18900	6660
18900	6660
18900	6660
18900	6660
18900	6660
18900	6480
18900	6480
18900	6480
18900	6480
18900	6480
18900	6480
18900	6480
18900	6480
18900	6480
18900	6480
18900	6480
18900	6480
18900	6480
18900	6480
18900	6480
18900	6480
18900	6480
18900	6480
18900	6480
18900	6480
18900	6480
18900	6480
18900	6300
18900	6480
18900	6300
18900	6300
18900	6300
18900	6300
18900	6300
18900	5760
18900	5580
18900	5400
18900	5400
18900	5040
18900	5040
18900	4140
18900	3960
18900	3960
18900	3960
18900	3780
18900	2880
18900	2700
18900	2700
19080	7200
19080	6840
19080	6840
19080	6840
19080	6840
19080	6660
19080	6660
19080	6660
19080	6660
19080	6660
19080	6480
19080	5940
19080	5580
19080	5220
19080	4320
19800	7380
19800	7380
19800	7380
19800	7380
19800	7380
19800	7380
19800	7380
19800	7380
19800	7380
19800	7380
19800	7200
19800	7200
19800	7200
19800	7200
19800	7200
19800	7200
19800	6660
19800	6660
19800	6660
19800	6660
19800	6660
19800	6300
19800	6300
19800	6300
19800	6300
19800	6300
19800	6300
19800	6300
19800	5040
19800	5040
19800	5040
19800	4680
19800	4140
19800	3960
19800	3960
19800	3780
19800	3780
19980	11700
19980	10080
19980	6120
19980	6120
19980	6120
19980	6120
19980	5400
19980	5400
19980	5400
19980	5220
19980	5220
19980	5220
19980	5220
19980	5220
19980	5220
19980	5220
19980	5040
19980	5040
19980	4320
19980	4320
19980	3960
19980	3960
19980	3960
19980	3960
19980	3960
19980	3780
19980	3780
19980	3780
19980	3780
19980	3780
19980	3780
19980	3780
19980	3780
19980	3780
19980	3780
20160	6660
20160	6300
20160	6300
20160	6300
20160	6300
20160	6300
20160	5580
20160	5580
20160	5580
20160	5580
20160	5400
20160	5400
20160	5400
20160	5400
20160	5400
20160	5400
20160	5400
20160	5220
20160	5220
20160	5220
20160	5220
20160	5220
20160	5220
20160	5220
20160	5220
20160	5220
20160	5220
20160	5040
20160	4500
20160	4320
20160	4320
20160	3960
20340	5220
20700	12240
20700	6840
20700	5940
20700	5940
20700	5760
20700	5760
20700	5760
20700	5760
20700	5760
20700	5760
20700	5760
20700	5760
20700	5760
20700	5760
20700	5580
20700	5040
20700	5040
20700	5040
20700	4860
20700	4680
20700	4680
20880	12600
20880	6120
20880	6120
20880	6120
20880	6120
20880	6120
20880	5940
20880	5940
20880	5940
20880	5940
20880	5940
20880	5940
20880	5940
20880	5220
20880	5040
20880	5040
20880	4860
20880	4860
20880	4860
20880	4860
20880	4860
20880	4860
20880	4860
20880	4680
21060	12780
21060	6120
21060	6120
21060	5400
21060	5220
21060	5220
21060	5220
21060	5040
21060	5040
21060	5040
21060	5040
21060	5040
21060	4860
21060	4860
21240	6480
21240	6480
21240	6480
21240	6480
21240	6480
21240	6480
21240	6480
21240	6480
21240	6480
21240	6480
21240	6300
21240	6120
21240	5400
21240	5400
21240	5220
21240	5220
21240	5220
21240	5220
21240	5040
21420	6840
21420	6660
21420	6660
21420	6480
21420	6480
21420	6480
21420	6300
21420	5760
21420	5580
21420	5220
21600	5940
21600	5580
21600	5400
21600	5400
21960	13860
21960	7200
21960	7020
21960	7020
21960	7020
21960	5760
21960	5760
21960	5760
21960	5760
21960	5760
22140	14400
22140	14400
22140	14040
22140	14040
22140	14040
22140	13860
22140	13860
22140	7560
22140	7380
22140	7200
22140	7020
22140	6480
22140	6120
22140	6120
22140	5940
22140	5940
22320	13680
22320	6300
22320	6300
22320	6300
22320	6300
22500	8100
22680	14400
22680	14040
22680	12060
22680	7920
23220	14760
23220	14760
23220	14760
23220	14760
23220	13140
23400	13500
23400	13500
23580	14040
23580	7560
24120	15660
24120	15660
24660	17100
24660	13860
24840	16380
25380	18540
26100	14760
26280	17640
27000	18180
27000	16920
27180	19980
27180	18360
27180	16380
27360	17460
27540	19620
27720	20520
28080	20160
28080	17280
28440	20520
28800	19440
30060	20520
30060	19440
30240	24120
30600	21420
30780	24660
30780	23760
30960	21600
32040	22500
32400	21780
32580	21600
33120	26280
33300	26460
36180	29880
37080	26280
37440	26460
