#BOX_NAME,CALL_TIME,CRANE_TIME,EXECUTION_TIME,
C0-0-17,491,491,498,
C0-1-7,492,498,505,
C0-2-7,500,505,512,
C0-3-16,511,512,519,
C0-4-16,517,519,526,
C0-5-1,519,526,533,
C0-6-1,521,533,540,
C0-7-4,532,540,547,
C0-8-16,534,547,554,
C0-9-9,535,554,561,
C0-10-14,544,561,568,
C0-11-9,567,568,575,
C0-12-14,568,575,582,
C0-13-27,574,582,589,
C0-14-10,587,589,596,
C0-15-1,594,596,603,
C0-16-1,604,604,611,
C0-17-13,607,611,618,
C0-18-16,626,626,633,
C0-19-9,636,636,643,
C0-20-3,642,643,650,
C0-21-4,644,650,657,
C0-22-43,648,657,664,
C0-23-4,657,664,671,
C0-24-1,671,671,678,
C0-25-2,685,685,692,
C0-26-1,696,696,703,
C0-27-15,711,711,718,
C0-28-26,724,724,731,
C0-29-4,748,748,755,
C0-30-12,759,759,766,
C0-31-10,793,793,800,
C0-32-9,799,800,807,
C0-33-28,801,807,814,
C0-34-40,807,814,821,
C0-35-1,809,821,828,
C0-36-21,834,834,841,
C0-37-4,835,841,848,
C0-38-10,864,864,871,
C0-39-24,895,895,902,
C0-40-16,899,902,909,
C0-41-1,934,934,941,
C0-42-38,942,942,949,
C0-43-29,968,968,975,
C0-44-13,975,975,982,
C0-45-3,1014,1014,1021,
C0-46-3,1022,1022,1029,
C0-47-5,1026,1029,1036,
C0-48-16,1035,1036,1043,
C0-49-4,1037,1043,1050,
C0-50-42,1068,1068,1075,
C0-51-5,1071,1075,1082,
C0-52-4,1080,1082,1089,
C1-53-17,1942,1942,1949,
C1-54-8,1975,1975,1982,
C1-55-20,1980,1982,1989,
C1-56-4,1993,1993,2000,
C1-57-5,1996,2000,2007,
C1-58-3,2003,2007,2014,
C1-59-23,2021,2021,2028,
C1-60-11,2027,2028,2035,
C1-61-11,2034,2035,2042,
C1-62-16,2035,2042,2049,
C1-63-9,2039,2049,2056,
C1-64-11,2040,2056,2063,
C1-65-7,2043,2063,2070,
C1-66-5,2046,2070,2077,
C1-67-19,2057,2077,2084,
C1-68-3,2058,2084,2091,
C1-69-9,2063,2091,2098,
C1-70-23,2066,2098,2105,
C1-71-5,2074,2105,2112,
C1-72-20,2078,2112,2119,
C1-73-9,2079,2119,2126,
C1-74-14,2095,2126,2133,
C1-75-2,2136,2136,2143,
C1-76-3,2144,2144,2151,
C1-77-46,2158,2158,2165,
C1-78-6,2169,2169,2176,
C1-79-2,2182,2182,2189,
C1-80-13,2187,2189,2196,
C1-81-6,2193,2196,2203,
C1-82-10,2194,2203,2210,
C1-83-25,2200,2210,2217,
C1-84-21,2204,2217,2224,
C1-85-3,2216,2224,2231,
C1-86-26,2228,2231,2238,
C1-87-14,2238,2238,2245,
C1-88-25,2243,2245,2252,
C1-89-9,2244,2252,2259,
C1-90-7,2307,2307,2314,
C1-91-9,2320,2320,2327,
C1-92-18,2388,2388,2395,
C1-93-14,2399,2399,2406,
C1-94-9,2406,2406,2413,
C1-95-8,2420,2420,2427,
C1-96-24,2436,2436,2443,
C1-97-31,2471,2471,2478,
C1-98-15,2473,2478,2485,
C1-99-5,2485,2485,2492,
C1-100-10,2513,2513,2520,
C2-101-11,3367,3367,3374,
C2-102-21,3368,3374,3381,
C2-103-4,3372,3381,3388,
C2-104-5,3379,3388,3395,
C2-105-6,3382,3395,3402,
C2-106-10,3388,3402,3409,
C2-107-16,3397,3409,3416,
C2-108-10,3399,3416,3423,
C2-109-11,3400,3423,3430,
C2-110-3,3404,3430,3437,
C2-111-5,3405,3437,3444,
C2-112-14,3407,3444,3451,
C2-113-29,3423,3451,3458,
C2-114-10,3427,3458,3465,
C2-115-8,3429,3465,3472,
C2-116-6,3440,3472,3479,
C2-117-7,3441,3479,3486,
C2-118-10,3451,3486,3493,
C2-119-29,3456,3493,3500,
C2-120-24,3463,3500,3507,
C2-121-6,3465,3507,3514,
C2-122-32,3467,3514,3521,
C2-123-36,3475,3521,3528,
C2-124-11,3476,3528,3535,
C2-125-35,3479,3535,3542,
C2-126-6,3485,3542,3549,
C2-127-9,3487,3549,3556,
C2-128-16,3491,3556,3563,
C2-129-10,3510,3563,3570,
C2-130-12,3529,3570,3577,
C2-131-5,3536,3577,3584,
C2-132-6,3543,3584,3591,
C2-133-17,3597,3597,3604,
C2-134-7,3609,3609,3616,
C2-135-10,3632,3632,3639,
C2-136-17,3644,3644,3651,
C2-137-7,3674,3674,3681,
C2-138-3,3687,3687,3694,
C2-139-26,3705,3705,3712,
C2-140-3,3708,3712,3719,
C2-141-12,3716,3719,3726,
C2-142-19,3735,3735,3742,
C2-143-18,3746,3746,3753,
C2-144-5,3750,3753,3760,
C2-145-13,3763,3763,3770,
C2-146-29,3794,3794,3801,
C2-147-10,3796,3801,3808,
C2-148-7,3825,3825,3832,
C2-149-37,3840,3840,3847,
C2-150-3,3856,3856,3863,
C2-151-55,3860,3863,3870,
C2-152-20,3871,3871,3878,
C2-153-3,3878,3878,3885,
C2-154-3,3879,3885,3892,
C2-155-5,3880,3892,3899,
C2-156-30,3891,3899,3906,
C2-157-44,3916,3916,3923,
C2-158-20,3931,3931,3938,
C2-159-7,3940,3940,3947,
C2-160-22,3944,3947,3954,
C3-161-4,4807,4807,4814,
C3-162-14,4819,4819,4826,
C3-163-13,4833,4833,4840,
C3-164-7,4840,4840,4847,
C3-165-15,4852,4852,4859,
C3-166-16,4860,4860,4867,
C3-167-11,4861,4867,4874,
C3-168-9,4872,4874,4881,
C3-169-9,4874,4881,4888,
C3-170-11,4879,4888,4895,
C3-171-16,4885,4895,4902,
C3-172-4,4890,4902,4909,
C3-173-13,4904,4909,4916,
C3-174-15,4906,4916,4923,
C3-175-5,4907,4923,4930,
C3-176-11,4921,4930,4937,
C3-177-19,4931,4937,4944,
C3-178-36,4936,4944,4951,
C3-179-9,4940,4951,4958,
C3-180-38,4941,4958,4965,
C3-181-21,4945,4965,4972,
C3-182-11,4946,4972,4979,
C3-183-12,4956,4979,4986,
C3-184-7,4957,4986,4993,
C3-185-55,4959,4993,5000,
C3-186-6,4966,5000,5007,
C3-187-33,4969,5007,5014,
C3-188-8,4977,5014,5021,
C3-189-13,4996,5021,5028,
C3-190-8,4998,5028,5035,
C3-191-40,5022,5035,5042,
C3-192-26,5044,5044,5051,
C3-193-6,5052,5052,5059,
C3-194-4,5081,5081,5088,
C3-195-7,5088,5088,5095,
C3-196-6,5093,5095,5102,
C3-197-42,5118,5118,5125,
C3-198-6,5137,5137,5144,
C3-199-5,5147,5147,5154,
C3-200-24,5167,5167,5174,
C3-201-11,5208,5208,5215,
C3-202-11,5269,5269,5276,
C3-203-14,5276,5276,5283,
C3-204-15,5312,5312,5319,
C3-205-20,5319,5319,5326,
C3-206-11,5320,5326,5333,
C3-207-17,5321,5333,5340,
C3-208-9,5325,5340,5347,
C3-209-63,5327,5347,5354,
C3-210-22,5333,5354,5361,
C3-211-6,5377,5377,5384,
C3-212-8,5388,5388,5395,
C3-213-19,5391,5395,5402,
C4-214-11,6244,6244,6251,
C4-215-11,6245,6251,6258,
C4-216-9,6260,6260,6267,
C4-217-12,6263,6267,6274,
C4-218-24,6273,6274,6281,
C4-219-7,6277,6281,6288,
C4-220-43,6289,6289,6296,
C4-221-27,6303,6303,6310,
C4-222-14,6309,6310,6317,
C4-223-32,6315,6317,6324,
C4-224-29,6316,6324,6331,
C4-225-44,6320,6331,6338,
C4-226-27,6325,6338,6345,
C4-227-7,6331,6345,6352,
C4-228-28,6348,6352,6359,
C4-229-14,6351,6359,6366,
C4-230-11,6355,6366,6373,
C4-231-14,6367,6373,6380,
C4-232-11,6371,6380,6387,
C4-233-25,6373,6387,6394,
C4-234-17,6387,6394,6401,
C4-235-22,6394,6401,6408,
C4-236-6,6395,6408,6415,
C4-237-29,6432,6432,6439,
C4-238-43,6446,6446,6453,
C4-239-14,6453,6453,6460,
C4-240-43,6476,6476,6483,
C4-241-16,6490,6490,6497,
C4-242-15,6515,6515,6522,
C4-243-20,6520,6522,6529,
C4-244-25,6525,6529,6536,
C4-245-34,6538,6538,6545,
C4-246-15,6578,6578,6585,
C4-247-34,6596,6596,6603,
C4-248-5,6604,6604,6611,
C4-249-5,6616,6616,6623,
C4-250-50,6683,6683,6690,
C4-251-21,6704,6704,6711,
C4-252-15,6708,6711,6718,
C4-253-16,6709,6718,6725,
C4-254-11,6764,6764,6771,
C4-255-31,6800,6800,6807,
C4-256-9,6832,6832,6839,
C5-257-8,7687,7687,7694,
C5-258-13,7707,7707,7714,
C5-259-14,7709,7714,7721,
C5-260-6,7710,7721,7728,
C5-261-20,7714,7728,7735,
C5-262-29,7725,7735,7742,
C5-263-10,7728,7742,7749,
C5-264-12,7736,7749,7756,
C5-265-6,7737,7756,7763,
C5-266-9,7743,7763,7770,
C5-267-12,7747,7770,7777,
C5-268-39,7764,7777,7784,
C5-269-26,7785,7785,7792,
C5-270-32,7789,7792,7799,
C5-271-9,7793,7799,7806,
C5-272-10,7810,7810,7817,
C5-273-12,7811,7817,7824,
C5-274-13,7815,7824,7831,
C5-275-22,7817,7831,7838,
C5-276-9,7818,7838,7845,
C5-277-19,7830,7845,7852,
C5-278-35,7833,7852,7859,
C5-279-18,7840,7859,7866,
C5-280-32,7856,7866,7873,
C5-281-11,7885,7885,7892,
C5-282-11,7900,7900,7907,
C5-283-39,7901,7907,7914,
C5-284-12,7906,7914,7921,
C5-285-22,7923,7923,7930,
C5-286-23,7926,7930,7937,
C5-287-26,7949,7949,7956,
C5-288-6,7960,7960,7967,
C5-289-19,7980,7980,7987,
C5-290-7,7983,7987,7994,
C5-291-29,7985,7994,8001,
C5-292-18,7995,8001,8008,
C5-293-6,8006,8008,8015,
C5-294-30,8023,8023,8030,
C5-295-13,8027,8030,8037,
C5-296-14,8072,8072,8079,
C5-297-12,8073,8079,8086,
C5-298-78,8133,8133,8140,
C5-299-14,8200,8200,8207,
C5-300-51,8215,8215,8222,
C5-301-10,8217,8222,8229,
C5-302-12,8225,8229,8236,
C5-303-62,8226,8236,8243,
C5-304-18,8255,8255,8262,
C5-305-9,8260,8262,8269,
C5-306-7,8263,8269,8276,
C6-307-13,9121,9121,9128,
C6-308-10,9124,9128,9135,
C6-309-31,9130,9135,9142,
C6-310-14,9170,9170,9177,
C6-311-11,9172,9177,9184,
C6-312-13,9177,9184,9191,
C6-313-18,9184,9191,9198,
C6-314-16,9185,9198,9205,
C6-315-11,9188,9205,9212,
C6-316-32,9198,9212,9219,
C6-317-8,9204,9219,9226,
C6-318-29,9218,9226,9233,
C6-319-14,9225,9233,9240,
C6-320-7,9227,9240,9247,
C6-321-22,9234,9247,9254,
C6-322-61,9250,9254,9261,
C6-323-40,9256,9261,9268,
C6-324-21,9264,9268,9275,
C6-325-7,9270,9275,9282,
C6-326-16,9288,9288,9295,
C6-327-22,9292,9295,9302,
C6-328-15,9298,9302,9309,
C6-329-8,9304,9309,9316,
C6-330-20,9320,9320,9327,
C6-331-7,9359,9359,9366,
C6-332-31,9373,9373,9380,
C6-333-7,9400,9400,9407,
C6-334-8,9404,9407,9414,
C6-335-17,9437,9437,9444,
C6-336-35,9438,9444,9451,
C6-337-16,9442,9451,9458,
C6-338-7,9444,9458,9465,
C6-339-16,9478,9478,9485,
C6-340-13,9528,9528,9535,
C6-341-29,9530,9535,9542,
C6-342-20,9533,9542,9549,
C6-343-25,9560,9560,9567,
C6-344-20,9584,9584,9591,
C6-345-8,9586,9591,9598,
C6-346-15,9594,9598,9605,
C6-347-20,9621,9621,9628,
C6-348-41,9624,9628,9635,
C6-349-7,9638,9638,9645,
C6-350-16,9664,9664,9671,
C6-351-9,9670,9671,9678,
C6-352-8,9685,9685,9692,
C6-353-9,9697,9697,9704,
C6-354-7,9712,9712,9719,
C7-355-11,10569,10569,10576,
C7-356-28,10579,10579,10586,
C7-357-12,10590,10590,10597,
C7-358-11,10591,10597,10604,
C7-359-33,10600,10604,10611,
C7-360-70,10605,10611,10618,
C7-361-17,10606,10618,10625,
C7-362-71,10613,10625,10632,
C7-363-15,10627,10632,10639,
C7-364-15,10637,10639,10646,
C7-365-12,10640,10646,10653,
C7-366-9,10641,10653,10660,
C7-367-11,10642,10660,10667,
C7-368-14,10648,10667,10674,
C7-369-15,10650,10674,10681,
C7-370-10,10653,10681,10688,
C7-371-31,10655,10688,10695,
C7-372-19,10656,10695,10702,
C7-373-10,10658,10702,10709,
C7-374-11,10659,10709,10716,
C7-375-34,10689,10716,10723,
C7-376-15,10693,10723,10730,
C7-377-8,10706,10730,10737,
C7-378-21,10710,10737,10744,
C7-379-9,10713,10744,10751,
C7-380-9,10715,10751,10758,
C7-381-18,10726,10758,10765,
C7-382-10,10735,10765,10772,
C7-383-19,10772,10772,10779,
C7-384-11,10783,10783,10790,
C7-385-36,10792,10792,10799,
